>> svdtest('over')
overdetermined: N=3, M=2

C =

    1.0000    0.5000    0.2500
    0.5000    2.0000    0.5000
    0.2500    0.5000    3.0000


R =

     1     0
     0     1
     1     1


S =

    1.0258   -0.3031
   -0.1204    0.6019
    0.5774    0.5774

method 1:

F =

    1.4000   -0.0500
   -0.0500    0.7875


iF =

    0.7159    0.0455
    0.0455    1.2727


ans =

    1.0000    0.0000
         0    1.0000


hest =

   10.0000
   20.0000

method 2:

Sigma =

    1.7321         0
         0    1.0000
         0         0


pinvSigma =

    0.5774         0         0
         0    1.0000         0


ans =

     1     0
     0     1


R =

     1     0
     0     1
     1     1


pinvR =

    0.6667   -0.3333    0.3333
   -0.3333    0.6667    0.3333


ans =

    1.0000    0.0000
         0    1.0000


hest =

   10.0000
   20.0000

