>> svdtest('under')
underdetermined: N=2, M=3

C =

    1.0000    0.5000
    0.5000    2.0000


R =

     1     0     0
     0     1     0


S =

    1.0690   -0.2673         0
         0    0.7071         0

method 1:

F =

    1.1429   -0.2857         0
   -0.2857    0.5714         0
         0         0         0


Ubar =

   -0.9705    0.2410
    0.2410    0.9705


Sigmabar =

    1.1230         0         0
         0    0.6731         0


Vbar =

   -0.9239    0.3827         0
    0.3827    0.9239         0
         0         0    1.0000


Sigmabar =

    1.1230         0         0
         0    0.6731         0


pinvSigmabar =

    0.8904         0
         0    1.4856
         0         0


ans =

     1     0     0
     0     1     0
     0     0     0


pinvF =

    1.0000    0.5000         0
    0.5000    2.0000         0
         0         0         0


ans =

    1.0000   -0.0000         0
   -0.0000    1.0000         0
         0         0         0


hest =

   10.0000
   20.0000
         0

method 2:

Sigma =

     1     0     0
     0     1     0


pinvSigma =

     1     0
     0     1
     0     0


ans =

     1     0     0
     0     1     0
     0     0     0


R =

     1     0     0
     0     1     0


pinvR =

     1     0
     0     1
     0     0


ans =

     1     0     0
     0     1     0
     0     0     0


hest =

    10
    20
     0

